id	district	001	003	005	007	009	011	013	015	017	019	021	023	025	027	029	031	033	035	037	039	043	045	047	049	051	053	055	057	059	061	063	065	067	069	071	073	075	077	079	081	083	085	087	089	091	093	095	097	099	101	103	105	107	109	111	113	115	117	119	121	123	125	127	129	131	133	135	137	139	141	143	145	147	149	151	153	155	157	159	161	163	165	167	169	171	173	175	177	179	181	183	185	187	189	191	193	195	197	199	201	205	207	209	211	213	215	217	219	221	223	225	227	229	231	233	235	237	239	241	243	245	247	249	251	253	255	257	259	261	263	265	267	269	271	273	275	277	279	281	283	285	287	289	291	293	295	297	299	301	303	305	307	309	311	313	315	317	319	321
1	001																																									1																																																																																																									1													
2	002																							1																																																																																																																											1									1				
3	003																							1																																																																																																																																								
4	004																																																																																																																																																											1				
5	005																																																																1																																									1																																																						
6	006																																																																																																									1																																																		1				
7	007																																										1													1						1																																																																																																		
8	008																																																																																																																							1																				1					1										1					
9	009																																										1																1																																			1																																																																		
10	010																																																																				1																																																																																						1					
11	011																																																																1																																									1							1																																															
12	012																											1																														1																																																																																																						
13	013																																																									1																																																																																																						
14	014								1																																																	1																																																																																																						
15	015								1																																																																																																																																																							
16	016								1																																																															1																																												1																																												
17	017																																																																																																														1																																																	
18	018																						1																																																	1																																																																																								
19	019																																																																																																														1																																																	
20	020																												1																																																																																																																																			
21	021																												1																																																																																																																																			
22	022																												1																														1		1																																																																																																			
23	023																												1																																																																																																																																			
24	024																																																										1																																																																																																					
25	025																																																										1		1																																																																																																			
26	026																																																										1																																																																																																					
27	027																																																																					1																																																																																					1					
28	028						1																																																														1																																																											1																																
29	029																																																																					1																																																																																										
30	030																																																																					1																																																																																										
31	031																																																																														1																																																																																	
32	032																																																											1														1																								1																																																														
33	033																																				1																1																																						1							1																																																												1		
34	034																																	1																																																																																																																														
35	035																																	1																																																																																																																														
36	036																																	1																																																																																																																														
37	037																																	1																																																																																																																														
38	038																																	1																																																																																																																														
39	039																																	1																																																																																																																														
40	040																																	1																											1																																																																																																			
41	041																																	1																																																																																																																														
42	042																																	1																																																																																																																														
43	043																																	1																																																																																																																														
44	044																																	1																																																																																																																														
45	045																																	1																											1																																																																																																			
46	046																												1					1																																																																																																																														
47	047																																																												1																																																																																																			
48	048																																																												1																																																																																																			
49	049																																																												1																																																																																																			
50	050																																																												1																																																																																																			
51	051																																																												1																																																																																																			
52	052																																																												1																																																																																																			
53	053																																	1																											1																																																																																																			
54	054																																																												1																																																																																																			
55	055																																																												1																																																																																																			
56	056																																																												1																																																																																																			
57	057																																																												1																																																																																																			
58	058																																																												1																																																																																																			
59	059																																																												1																																																																																																			
60	060																															1																													1																																																																																																			
61	061																																	1															1												1																																																																																																			
62	062																																																1												1																																																																																																			
63	063																															1																									1				1																																																																																																			
64	064																																																								1				1																																																																																																			
65	065																																																1												1																																																																																																			
66	066																																																1																																																														1																																																	
67	067																																																1																																																														1																																																	
68	068																						1																										1																																																																																																															
69	069																						1																																																				1																																																																			1																		
70	070																						1																1																																																																																																																									
71	071																																						1																		1																																																																																																							
72	072																																						1																		1																																																																																																							
73	073																																																								1																			1																																																			1																																	
74	074																															1																																																																																																																																
75	075																															1																																																																																																																																
76	076																															1																																												1																																																																																				
77	077																															1																																																																																																																																
78	078																															1																																												1																																																																																				
79	079																																												1																																																																																																																			
80	080																																												1																1																																																																																																			
81	081																																												1																							1																																																																																												
82	082																																												1																																																																																																																			
83	083																																												1																																																																																																																			
84	084																																												1																																																																																																																			
85	085																																												1																																																																																																																			
86	086																																												1																																																																																																																			
87	087																																												1																																																																																																																			
88	088																																												1																																																																																																																			
89	089																																												1																																																																																																																			
90	090																																												1																															1																																															1																																					
91	091																																												1																																																																														1																																					
92	092																																												1																																																																														1																																					
93	093																																												1																							1																																																																																												
94	094																																												1																							1																																																																																												
95	095																																																												1							1																																																																																												
96	096																																																																			1																																																																																												
97	097																																																																			1																																																																																												
98	098																																																																			1																																																																																												
99	099																																																																			1																																																																																												
100	100																																																																			1																																																																																												
101	101																																																																			1																																																																																												
102	102																																																																			1																																																																																												
103	103																																																																			1		1																																																																																										
104	104																																																																			1																																																																																												
105	105																																																																			1																																																																																												
106	106																																																																			1																																																																																												
107	107																																																																			1																																																																																												
108	108																																																																			1																																																																																												
109	109																																																																											1																																1															1																																					
110	110																		1																																																									1																																1																																																				
111	111																																																																											1																																																																																				
112	112																																																																																																								1			1																																																				
113	113																																																																																																											1															1																																					
114	114							1																																																												1																																																							1																									1												
115	115																																																																																																																																																			1												
116	116							1																																																																																																																																																								
117	117							1																						1																																																	1																														1																																																			
118	118																													1																																																																																																																																		
119	119																													1																																																																															1																																																			
120	120																																																																		1																																											1								1														1																										1		
121	121																																				1																																																										1																																																																	
122	122																																				1																																																																																																																											
123	123																																				1																																																																																					1																																						
124	124																																																																																																																									1																																						
125	125																																																																																																																									1																																						
126	126																	1																																																																																																								1																																						
127	127																																																																																	1																																								1																																						
128	128																																																														1								1											1		1											1																																																							1	1									
129	129																		1																																																													1					1																		1																																																									
130	130																																																																											1										1																																									1																																	
131	131																																																																																					1																													1																															1														
132	132																																						1																																																													1																																										1																		
133	133																																																																								1																																		1																																			1																		
134	134																																																																								1																																		1																																																					
135	135																																																																																																										1																																																					
136	136																																																																																																										1																																																					
137	137																																																																								1																											1							1																								1																													
138	138																										1																																																																								1																									1						1																														
139	139																																														1																																																		1															1																						1																										
140	140											1																												1																																					1																										1									1																																																
141	141											1																																																																																											1																																																									
142	142											1																																																																																																																																																				
143	143											1																																																																																																																																																				
144	144											1	1																																																																1								1			1																																																								1															1	
145	145					1																																																																																																																1																																										
146	146																																																																												1																																																																																			
147	147																																																																												1																																																																																			
148	148																																								1																																				1																																								1																																								1			
149	149																																													1																																			1							1																																															1																			1						
150	150																																																																																			1				1																																																					1																			
151	151																			1											1																	1		1																																																																					1		1								1							1																	1							
152	152																																																																																								1																																									1																														1
153	153																																															1																																																																																																																
154	154				1																																											1																																																					1																									1																																		
155	155									1																									1																																											1																																																												1					1																	
156	156	1																																																																															1																							1																																			1																					
157	157																																																						1																																																																														1																			1								
158	158																1					1																																1																													1																																																																													
159	159																1																																			1																																																																									1																																			
160	160															1	1																																																																																																																																															
161	161																									1																										1																																																																																																												
162	162																									1																																																																																																																																						
163	163																									1																																																																																																																																						
164	164															1										1																																																																1																																																																						
165	165																									1																																																																																																																																						
166	166															1										1																																																																																																																																						
167	167																																																															1																												1				1																																																																
168	168																																																																																									1																																																																						
169	169			1																															1																																														1																																																																															
170	170										1																											1																																																																																																				1																						
171	171																																			1								1																																																										1																																																										
172	172																																			1																																																																																																					1	1																						
173	173																																											1																						1																																																																							1																							
174	174																				1				1								1																		1																																										1																																																								1											
175	175														1																																																																														1																																												1																							
176	176		1																																																																																				1						1																																																								1											
177	177																																																																																												1																																																																			
178	178	1												1																																																																																																				1																																						1								
179	179																																																															1																																																																																																
180	180																				1				1																																																																																																																												1											
